# -logA0 (Hutton-Boore 1987 / IASPEI IS 3.3), R epicentral km -> corrección
1 -2.08811
2 -1.75208
3 -1.55473
4 -1.41415
5 -1.30469
6 -1.21491
7 -1.13871
8 -1.07245
9 -1.01378
10 -0.96110
11 -0.91326
12 -0.86943
13 -0.82895
14 -0.79134
15 -0.75619
16 -0.72319
17 -0.69207
18 -0.66263
19 -0.63467
20 -0.60806
21 -0.58265
22 -0.55833
23 -0.53501
24 -0.51261
25 -0.49104
26 -0.47024
27 -0.45016
28 -0.43073
29 -0.41193
30 -0.39370
31 -0.37600
32 -0.35880
33 -0.34208
34 -0.32580
35 -0.30993
36 -0.29446
37 -0.27937
38 -0.26462
39 -0.25021
40 -0.23611
41 -0.22232
42 -0.20881
43 -0.19558
44 -0.18261
45 -0.16988
46 -0.15740
47 -0.14514
48 -0.13310
49 -0.12127
50 -0.10964
51 -0.09821
52 -0.08696
53 -0.07588
54 -0.06498
55 -0.05425
56 -0.04367
57 -0.03325
58 -0.02297
59 -0.01284
60 -0.00285
61 0.00701
62 0.01673
63 0.02634
64 0.03582
65 0.04518
66 0.05443
67 0.06357
68 0.07260
69 0.08153
70 0.09036
71 0.09909
72 0.10772
73 0.11626
74 0.12471
75 0.13307
76 0.14134
77 0.14953
78 0.15765
79 0.16568
80 0.17363
81 0.18151
82 0.18931
83 0.19705
84 0.20471
85 0.21231
86 0.21983
87 0.22730
88 0.23470
89 0.24203
90 0.24931
91 0.25653
92 0.26368
93 0.27079
94 0.27783
95 0.28482
96 0.29176
97 0.29865
98 0.30548
99 0.31227
100 0.31900
101 0.32569
102 0.33233
103 0.33892
104 0.34547
105 0.35197
106 0.35843
107 0.36485
108 0.37122
109 0.37755
110 0.38385
111 0.39010
112 0.39631
113 0.40249
114 0.40862
115 0.41472
116 0.42079
117 0.42682
118 0.43281
119 0.43877
120 0.44469
121 0.45058
122 0.45644
123 0.46226
124 0.46806
125 0.47382
126 0.47955
127 0.48525
128 0.49092
129 0.49656
130 0.50218
131 0.50776
132 0.51332
133 0.51885
134 0.52435
135 0.52982
136 0.53527
137 0.54069
138 0.54609
139 0.55146
140 0.55680
141 0.56212
142 0.56742
143 0.57269
144 0.57794
145 0.58317
146 0.58837
147 0.59355
148 0.59871
149 0.60385
150 0.60896
151 0.61405
152 0.61913
153 0.62418
154 0.62921
155 0.63422
156 0.63921
157 0.64418
158 0.64913
159 0.65406
160 0.65897
161 0.66387
162 0.66874
163 0.67360
164 0.67844
165 0.68326
166 0.68806
167 0.69285
168 0.69761
169 0.70236
170 0.70710
171 0.71182
172 0.71652
173 0.72120
174 0.72587
175 0.73052
176 0.73516
177 0.73978
178 0.74439
179 0.74898
180 0.75355
181 0.75811
182 0.76266
183 0.76719
184 0.77171
185 0.77621
186 0.78070
187 0.78517
188 0.78964
189 0.79408
190 0.79852
191 0.80294
192 0.80734
193 0.81174
194 0.81612
195 0.82049
196 0.82484
197 0.82919
198 0.83352
199 0.83784
200 0.84214
210 0.88456
220 0.92589
230 0.96622
240 1.00563
250 1.04421
260 1.08202
270 1.11911
280 1.15555
290 1.19136
300 1.22660
310 1.26131
320 1.29552
330 1.32925
340 1.36254
350 1.39542
360 1.42790
370 1.46000
380 1.49176
390 1.52318
400 1.55429
410 1.58509
420 1.61561
430 1.64585
440 1.67583
450 1.70557
460 1.73506
470 1.76433
480 1.79338
490 1.82222
500 1.85086
510 1.87930
520 1.90756
530 1.93565
540 1.96356
550 1.99130
560 2.01889
570 2.04632
580 2.07361
590 2.10075
600 2.12775
